Original matrix:
|68.0375, -21.1234, 56.6198, 59.688, 82.3295, -60.4897, -32.9554, 53.6459,   |
|-21.1234, 10.794, -4.52059, 25.7742, -27.0431, 2.68018, 90.4459, 83.239,   |
|56.6198, -4.52059, -71.6795, 21.3938, -96.7399, -51.4226, -72.5537, 60.8354,   |
|59.688, 25.7742, 21.3938, -78.2382, 99.7849, -56.3486, 2.58648, 67.8224,   |
|82.3295, -27.0431, -96.7399, 99.7849, -1.2834, 94.555, -41.4966, 54.2715,   |
|-60.4897, 2.68018, -51.4226, -56.3486, 94.555, -29.5083, 61.5449, 83.8053,   |
|-32.9554, 90.4459, -72.5537, 2.58648, -41.4966, 61.5449, 78.0465, -30.2214,   |
|53.6459, 83.239, 60.8354, 67.8224, 54.2715, 83.8053, -30.2214, 70.184,   |
Diagonalizing
Diagonalized matrix:
|-253.174, 1.69407e-21, 2.37737e-07, 4.65699e-08, -6.01094e-10, -4.83534e-12, -2.98293e-13, 2.04621e-13,   |
|-2.43766e-15, -177.051, 8.58379e-08, 4.0039e-09, 2.32295e-10, -9.59871e-14, 4.07384e-06, 1.66634e-15,   |
|2.37737e-07, 8.5838e-08, -108.602, -2.03129e-07, 3.16146e-10, 7.98218e-14, 3.51034e-15, -8.47033e-22,   |
|4.65699e-08, 4.00391e-09, -2.03129e-07, -47.5728, 1.07423e-10, 5.31951e-16, 4.23516e-22, 1.33313e-06,   |
|-6.01091e-10, 2.32288e-10, 3.16152e-10, 1.07422e-10, 58.0246, -1.0842e-19, -5.49643e-07, -4.24679e-09,   |
|-4.8479e-12, -9.67858e-14, 7.96327e-14, -3.62352e-15, -5.08485e-15, 114.104, -1.32307e-10, -8.82195e-11,   |
|-2.85137e-13, 4.07384e-06, 3.74645e-15, -1.51486e-15, -5.49643e-07, -1.32294e-10, 205.729, 2.14607e-12,   |
|1.94525e-13, -4.25494e-16, 7.76987e-15, 1.33313e-06, -4.24677e-09, -8.81874e-11, 2.1265e-12, 254.895,   |
Eigenvectors:
|0.198052, 0.0367232, -0.330601, 0.467374, -0.546906, 0.065053, -0.147219, 0.553787,   |
|0.0128662, -0.242406, -0.582779, -0.404444, -0.0860266, 0.502315, 0.421204, -0.0270924,   |
|-0.353787, -0.652802, 0.263158, 0.23675, 0.171224, 0.444102, -0.256795, 0.175769,   |
|0.491954, -0.193748, 0.554155, -0.475447, -0.258703, 0.0525987, 0.0894024, 0.331088,   |
|-0.574524, -0.208381, -0.0564332, -0.240496, -0.121372, -0.563978, 0.262443, 0.40472,   |
|0.444564, -0.440645, -0.0780796, 0.402923, 0.346298, -0.321549, 0.465043, -0.0130387,   |
|-0.230049, 0.0371038, 0.361907, 0.314605, -0.529634, 0.144356, 0.527108, -0.369533,   |
|-0.113086, 0.487068, 0.185671, 0.129324, 0.426712, 0.318044, 0.404961, 0.501547,   |
VDV^T:
|68.0375, -21.1234, 56.6198, 59.688, 82.3295, -60.4897, -32.9554, 53.6459,   |
|-21.1234, 10.794, -4.52059, 25.7742, -27.0431, 2.68018, 90.4459, 83.239,   |
|56.6198, -4.52059, -71.6795, 21.3938, -96.7399, -51.4226, -72.5537, 60.8354,   |
|59.688, 25.7742, 21.3938, -78.2382, 99.7849, -56.3486, 2.58648, 67.8224,   |
|82.3295, -27.0431, -96.7399, 99.7849, -1.2834, 94.555, -41.4966, 54.2715,   |
|-60.4897, 2.68018, -51.4226, -56.3486, 94.555, -29.5083, 61.5449, 83.8053,   |
|-32.9554, 90.4459, -72.5537, 2.58648, -41.4966, 61.5449, 78.0465, -30.2214,   |
|53.6459, 83.239, 60.8354, 67.8224, 54.2715, 83.8053, -30.2214, 70.184,   |
VDV is = Matrix: 1
AVA is = D: 1
V^TV is = I: 1
VV^T is = I: 1
